1	0.000003
2	0.000004
3	0.000005
4	0.000006
5	0.000007
6	0.000008
7	0.000010
8	0.000011
9	0.000012
10	0.000013
11	0.000014
12	0.000016
13	0.000017
14	0.000018
15	0.000020
16	0.000022
17	0.000023
18	0.000024
19	0.000025
20	0.000027
21	0.000028
22	0.000029
23	0.000030
24	0.000032
25	0.000033
26	0.000034
27	0.000035
28	0.000037
29	0.000038
30	0.000039
31	0.000040
32	0.000041
33	0.000043
34	0.000044
35	0.000045
36	0.000046
37	0.000048
38	0.000049
39	0.000050
40	0.000051
41	0.000052
42	0.000054
43	0.000055
44	0.000056
45	0.000057
46	0.000059
47	0.000060
48	0.000061
49	0.000062
50	0.000063
51	0.000065
52	0.000066
53	0.000067
54	0.000068
55	0.000070
56	0.000071
57	0.000072
58	0.000073
59	0.000075
60	0.000076
61	0.000077
62	0.000078
63	0.000079
64	0.000080
65	0.000082
66	0.000083
67	0.000084
68	0.000085
69	0.000087
70	0.000088
71	0.000089
72	0.000090
73	0.000093
74	0.000093
75	0.000094
76	0.000095
77	0.000097
78	0.000098
79	0.000099
80	0.000100
81	0.000102
82	0.000103
83	0.000104
84	0.000105
85	0.000106
86	0.000107
87	0.000109
88	0.000110
89	0.000111
90	0.000112
91	0.000114
92	0.000115
93	0.000116
94	0.000117
95	0.000119
96	0.000120
97	0.000121
98	0.000122
99	0.000124
100	0.000125
101	0.000126
102	0.000127
103	0.000128
104	0.000130
105	0.000131
106	0.000132
107	0.000133
108	0.000134
109	0.000136
110	0.000137
111	0.000138
112	0.000140
113	0.000141
114	0.000142
115	0.000143
116	0.000144
117	0.000146
118	0.000147
119	0.000148
120	0.000149
121	0.000151
122	0.000152
123	0.000153
124	0.000154
125	0.000155
126	0.000157
127	0.000158
128	0.000159
129	0.000161
130	0.000163
131	0.000163
132	0.000164
133	0.000165
134	0.000166
135	0.000167
136	0.000169
137	0.000170
138	0.000171
139	0.000173
140	0.000174
141	0.000175
142	0.000176
143	0.000178
144	0.000179
145	0.000180
146	0.000181
147	0.000183
148	0.000184
149	0.000185
150	0.000186
151	0.000187
152	0.000188
153	0.000190
154	0.000191
155	0.000192
156	0.000194
157	0.000195
158	0.000196
159	0.000197
160	0.000199
161	0.000200
162	0.000201
163	0.000202
164	0.000203
165	0.000204
166	0.000206
167	0.000207
168	0.000208
169	0.000210
170	0.000211
171	0.000212
172	0.000213
173	0.000215
174	0.000216
175	0.000217
176	0.000218
177	0.000219
178	0.000221
179	0.000222
180	0.000223
181	0.000224
182	0.000226
183	0.000227
184	0.000228
185	0.000229
186	0.000231
187	0.000232
188	0.000233
189	0.000234
190	0.000235
191	0.000236
192	0.000238
193	0.000239
194	0.000240
195	0.000241
196	0.000243
197	0.000244
198	0.000245
199	0.000246
200	0.000248
201	0.000249
202	0.000250
203	0.000251
204	0.000253
205	0.000254
206	0.000255
207	0.000256
208	0.000257
209	0.000259
210	0.000260
211	0.000261
212	0.000263
213	0.000264
214	0.000265
215	0.000266
216	0.000267
217	0.000269
218	0.000270
219	0.000271
220	0.000272
221	0.000274
222	0.000275
223	0.000276
224	0.000277
225	0.000278
226	0.000280
227	0.000281
228	0.000282
229	0.000283
230	0.000285
231	0.000286
232	0.000288
233	0.000288
234	0.000290
235	0.000291
236	0.000292
237	0.000293
238	0.000294
239	0.000296
240	0.000297
241	0.000298
242	0.000299
243	0.000301
244	0.000302
245	0.000303
246	0.000303
247	0.000305
248	0.000307
249	0.000308
250	0.000308
251	0.000310
252	0.000312
253	0.000313
254	0.000314
255	0.000315
256	0.000316
257	0.000318
258	0.000319
259	0.000320
260	0.000321
261	0.000323
262	0.000324
263	0.000325
264	0.000326
265	0.000328
266	0.000328
267	0.000330
268	0.000330
269	0.000333
270	0.000333
271	0.000336
272	0.000336
273	0.000337
274	0.000339
275	0.000340
276	0.000341
277	0.000342
278	0.000343
279	0.000344
280	0.000346
281	0.000347
282	0.000348
283	0.000350
284	0.000350
285	0.000352
286	0.000353
287	0.000355
288	0.000356
289	0.000357
290	0.000358
291	0.000359
292	0.000360
293	0.000361
294	0.000363
295	0.000365
296	0.000365
297	0.000367
298	0.000367
299	0.000369
300	0.000370
301	0.000371
302	0.000373
303	0.000374
304	0.000375
305	0.000376
306	0.000377
307	0.000379
308	0.000380
309	0.000382
310	0.000383
311	0.000384
312	0.000385
313	0.000386
314	0.000388
315	0.000389
316	0.000390
317	0.000391
318	0.000392
319	0.000396
320	0.000394
321	0.000396
322	0.000397
323	0.000399
324	0.000400
325	0.000401
326	0.000402
327	0.000403
328	0.000404
329	0.000406
330	0.000407
331	0.000409
332	0.000409
333	0.000410
334	0.000412
335	0.000413
336	0.000415
337	0.000416
338	0.000417
339	0.000418
340	0.000419
341	0.000421
342	0.000422
343	0.000423
344	0.000426
345	0.000425
346	0.000427
347	0.000428
348	0.000429
349	0.000431
350	0.000432
351	0.000433
352	0.000434
353	0.000436
354	0.000437
355	0.000438
356	0.000439
357	0.000441
358	0.000441
359	0.000442
360	0.000444
361	0.000445
362	0.000446
363	0.000448
364	0.000450
365	0.000450
366	0.000451
367	0.000452
368	0.000454
369	0.000454
370	0.000457
371	0.000458
372	0.000458
373	0.000460
374	0.000461
375	0.000463
376	0.000464
377	0.000466
378	0.000466
379	0.000467
380	0.000469
381	0.000469
382	0.000470
383	0.000472
384	0.000473
385	0.000475
386	0.000476
387	0.000477
388	0.000478
389	0.000480
390	0.000480
391	0.000482
392	0.000483
393	0.000484
394	0.000485
395	0.000488
396	0.000489
397	0.000489
398	0.000491
399	0.000491
400	0.000492
401	0.000493
402	0.000497
403	0.000496
404	0.000499
405	0.000499
406	0.000501
407	0.000501
408	0.000503
409	0.000504
410	0.000505
411	0.000506
412	0.000508
413	0.000509
414	0.000511
415	0.000511
416	0.000513
417	0.000513
418	0.000516
419	0.000515
420	0.000518
421	0.000519
422	0.000520
423	0.000522
424	0.000522
425	0.000524
426	0.000524
427	0.000526
428	0.000527
429	0.000529
430	0.000531
431	0.000531
432	0.000532
433	0.000532
434	0.000535
435	0.000535
436	0.000536
437	0.000538
438	0.000539
439	0.000541
440	0.000542
441	0.000544
442	0.000545
443	0.000546
444	0.000547
445	0.000549
446	0.000550
447	0.000550
448	0.000553
449	0.000554
450	0.000553
451	0.000556
452	0.000556
453	0.000557
454	0.000558
455	0.000560
456	0.000561
457	0.000564
458	0.000564
459	0.000565
460	0.000566
461	0.000568
462	0.000569
463	0.000572
464	0.000571
465	0.000572
466	0.000574
467	0.000575
468	0.000575
469	0.000577
470	0.000578
471	0.000580
472	0.000582
473	0.000589
474	0.000584
475	0.000586
476	0.000588
477	0.000587
478	0.000588
479	0.000589
480	0.000592
481	0.000595
482	0.000594
483	0.000594
484	0.000596
485	0.000598
486	0.000598
487	0.000599
488	0.000600
489	0.000601
490	0.000605
491	0.000603
492	0.000606
493	0.000608
494	0.000609
495	0.000609
496	0.000610
497	0.000611
498	0.000613
499	0.000616
500	0.000615
501	0.000616
502	0.000618
503	0.000619
504	0.000621
505	0.000622
506	0.000623
507	0.000625
508	0.000624
509	0.000628
510	0.000628
511	0.000629
512	0.000631
513	0.000631
514	0.000632
515	0.000634
516	0.000637
517	0.000637
518	0.000638
519	0.000679
520	0.000640
521	0.000642
522	0.000643
523	0.000643
524	0.000644
525	0.000646
526	0.000649
527	0.000649
528	0.000650
529	0.000650
530	0.000651
531	0.000655
532	0.000657
533	0.000655
534	0.000657
535	0.000657
536	0.000660
537	0.000663
538	0.000663
539	0.000664
540	0.000664
541	0.000667
542	0.000667
543	0.000669
544	0.000668
545	0.000671
546	0.000671
547	0.000674
548	0.000675
549	0.000676
550	0.000679
551	0.000678
552	0.000680
553	0.000680
554	0.000681
555	0.000683
556	0.000683
557	0.000688
558	0.000686
559	0.000690
560	0.000688
561	0.000691
562	0.000690
563	0.000693
564	0.000693
565	0.000696
566	0.000697
567	0.000698
568	0.000698
569	0.000700
570	0.000702
571	0.000702
572	0.000714
573	0.000704
574	0.000707
575	0.000708
576	0.000709
577	0.000710
578	0.000711
579	0.000712
580	0.000714
581	0.000715
582	0.000715
583	0.000718
584	0.000723
585	0.000722
586	0.000721
587	0.000722
588	0.000724
589	0.000725
590	0.000727
591	0.000851
592	0.000729
593	0.000729
594	0.000730
595	0.000732
596	0.000732
597	0.000738
598	0.000736
599	0.000737
600	0.000737
601	0.000741
602	0.000741
603	0.000742
604	0.000742
605	0.000745
606	0.000746
607	0.000746
608	0.000748
609	0.000752
610	0.000751
611	0.000752
612	0.000754
613	0.000755
614	0.000755
615	0.000755
616	0.000758
617	0.000758
618	0.000761
619	0.000761
620	0.000764
621	0.000764
622	0.000764
623	0.000767
624	0.000769
625	0.000768
626	0.000771
627	0.000771
628	0.000772
629	0.000773
630	0.000776
631	0.000778
632	0.000778
633	0.000780
634	0.000779
635	0.000780
636	0.000783
637	0.000784
638	0.000784
639	0.000787
640	0.000786
641	0.000834
642	0.000790
643	0.000795
644	0.000792
645	0.000794
646	0.000794
647	0.000795
648	0.000797
649	0.000806
650	0.000798
651	0.000801
652	0.000801
653	0.000805
654	0.000804
655	0.000804
656	0.000808
657	0.000808
658	0.000814
659	0.000811
660	0.000812
661	0.000816
662	0.000815
663	0.000814
664	0.000817
665	0.000818
666	0.000820
667	0.000819
668	0.000821
669	0.000821
670	0.000824
671	0.000828
672	0.000826
673	0.000828
674	0.000829
675	0.000831
676	0.000831
677	0.000833
678	0.000832
679	0.000834
680	0.000836
681	0.000836
682	0.000839
683	0.000842
684	0.000842
685	0.000844
686	0.000845
687	0.000847
688	0.000847
689	0.000848
690	0.000848
691	0.000849
692	0.000852
693	0.000851
694	0.000858
695	0.000855
696	0.000855
697	0.000857
698	0.000858
699	0.000862
700	0.000860
701	0.000861
702	0.000864
703	0.000865
704	0.000865
705	0.000866
706	0.000867
707	0.000869
708	0.000871
709	0.000875
710	0.000873
711	0.000874
712	0.000874
713	0.000877
714	0.000879
715	0.000879
716	0.000880
717	0.000882
718	0.000890
719	0.000884
720	0.000885
721	0.000888
722	0.000891
723	0.000888
724	0.000889
725	0.000893
726	0.000895
727	0.000895
728	0.000897
729	0.000896
730	0.000899
731	0.000897
732	0.000903
733	0.000905
734	0.000903
735	0.000904
736	0.000907
737	0.000907
738	0.000907
739	0.000908
740	0.000914
741	0.000912
742	0.000912
743	0.000913
744	0.000913
745	0.000917
746	0.000922
747	0.000919
748	0.000921
749	0.000920
750	0.000921
751	0.000924
752	0.000927
753	0.000925
754	0.000927
755	0.000929
756	0.000929
757	0.000932
758	0.000932
759	0.000934
760	0.000937
761	0.000936
762	0.000938
763	0.000948
764	0.000938
765	0.000943
766	0.000941
767	0.000952
768	0.000965
769	0.000946
770	0.000948
771	0.000949
772	0.000953
773	0.000952
774	0.000957
775	0.000952
776	0.000957
777	0.000959
778	0.000956
779	0.000956
780	0.000960
781	0.000965
782	0.000963
783	0.000964
784	0.000967
785	0.000965
786	0.000966
787	0.000973
788	0.000971
789	0.000971
790	0.000972
791	0.000971
792	0.000979
793	0.000986
794	0.000977
795	0.000981
796	0.000981
797	0.000992
798	0.000980
799	0.000983
800	0.000982
801	0.000985
802	0.000986
803	0.000987
804	0.001002
805	0.000990
806	0.000991
807	0.000998
808	0.000994
809	0.001009
810	0.000996
811	0.001000
812	0.000999
813	0.001007
814	0.001002
815	0.001004
816	0.001004
817	0.001006
818	0.001006
819	0.001011
820	0.001017
821	0.001012
822	0.001013
823	0.001012
824	0.001015
825	0.001021
826	0.001018
827	0.001021
828	0.001017
829	0.001020
830	0.001024
831	0.001026
832	0.001024
833	0.001029
834	0.001042
835	0.001028
836	0.001028
837	0.001031
838	0.001031
839	0.001033
840	0.001035
841	0.001040
842	0.001036
843	0.001040
844	0.001038
845	0.001046
846	0.001052
847	0.001047
848	0.001044
849	0.001047
850	0.001047
851	0.001051
852	0.001051
853	0.001047
854	0.001071
855	0.001053
856	0.001052
857	0.001090
858	0.001055
859	0.001064
860	0.001060
861	0.001060
862	0.001064
863	0.001064
864	0.001063
865	0.001070
866	0.001064
867	0.001067
868	0.001072
869	0.001080
870	0.001081
871	0.001074
872	0.001072
873	0.001074
874	0.001085
875	0.001097
876	0.001082
877	0.001079
878	0.001086
879	0.001080
880	0.001097
881	0.001086
882	0.001098
883	0.001090
884	0.001097
885	0.001116
886	0.001092
887	0.001090
888	0.001095
889	0.001106
890	0.001102
891	0.001099
892	0.001101
893	0.001101
894	0.001106
895	0.001101
896	0.001105
897	0.001112
898	0.001109
899	0.001106
900	0.001153
901	0.001107
902	0.001111
903	0.001115
904	0.001110
905	0.001118
906	0.001115
907	0.001134
908	0.001120
909	0.001120
910	0.001122
911	0.001121
912	0.001123
913	0.001128
914	0.001129
915	0.001126
916	0.001132
917	0.001134
918	0.001132
919	0.001138
920	0.001141
921	0.001134
922	0.001139
923	0.001140
924	0.001138
925	0.001151
926	0.001145
927	0.001140
928	0.001143
929	0.001150
930	0.001153
931	0.001164
932	0.001165
933	0.001148
934	0.001158
935	0.001152
936	0.001155
937	0.001155
938	0.001162
939	0.001168
940	0.001158
941	0.001159
942	0.001181
943	0.001158
944	0.001170
945	0.001170
946	0.001165
947	0.001179
948	0.001167
949	0.001167
950	0.001182
951	0.001173
952	0.001174
953	0.001175
954	0.001178
955	0.001182
956	0.001179
957	0.001178
958	0.001206
959	0.001186
960	0.001186
961	0.001189
962	0.001187
963	0.001211
964	0.001187
965	0.001196
966	0.001228
967	0.001194
968	0.001196
969	0.001203
970	0.001196
971	0.001197
972	0.001221
973	0.001220
974	0.001217
975	0.001207
976	0.001208
977	0.001217
978	0.001250
979	0.001214
980	0.001210
981	0.001216
982	0.001216
983	0.001222
984	0.001220
985	0.001214
986	0.001225
987	0.001219
988	0.001223
989	0.001222
990	0.001232
991	0.001228
992	0.001222
993	0.001226
994	0.001236
995	0.001231
996	0.001242
997	0.001233
998	0.001235
999	0.001245
1000	0.001248
1001	0.001236
1002	0.001244
1003	0.001238
1004	0.001254
1005	0.001243
1006	0.001243
1007	0.001245
1008	0.001257
1009	0.001246
1010	0.001249
1011	0.001297
1012	0.001254
1013	0.001271
1014	0.001258
1015	0.001270
1016	0.001265
1017	0.001265
1018	0.001277
1019	0.001259
1020	0.001256
1021	0.001261
1022	0.001269
1023	0.001264
1024	0.001271
